[lookups/lsm_sources.csv]
version = 7.3.0
modtime = 1565181580.310518000

[views/log_source_monitoring]
owner = admin
version = 7.3.0
modtime = 1565260808.285747000

[savedsearches/lsm_generate_sources_lookup]
version = 7.3.0
modtime = 1565263470.718159000
